542111 -541765 541766 574076 -541765 -1827978 -3949404 -6569151 5419851 -9517835 -8209229 -1871887 -492033 -293183 -230663 0
541571 -541765 541766 -5136719 -541765 -1732920 918157 -4337151 -9567890 5312055 -10250061 -2858428 -1476031 -1244971 -1141614 2
541542 -541765 541766 -7610793 -541765 7479160 -18299897 -6662205 21689874 -15567390 26957022 3032264 271698 -427796 -640990 3
541090 -541765 541766 -15061909 -541765 -22779039 23047556 -8607885 -9271679 5062325 -10224152 -2916905 -1535793 -1305048 -1202077 1
541409 -541765 541766 -7712178 -541765 7721335 -18838047 -4467275 22942207 -15533063 37013284 2224408 36869 -59501 -277925 3
541102 -541765 541766 11998090 -541765 24019536 -8718584 42786269 -2119822 -3145867 -9667964 -2157754 -763594 -534730 -434922 0
541014 -541765 541766 -15202030 -541765 -4300072 -828352 -6570108 2960542 -7657445 -8864478 -2513745 -1130583 -908528 -817155 1
541100 -541765 541766 -15869486 -541765 -27836646 31088365 -10590899 -31646003 39743909 -10847091 -3051998 -1673642 -1443272 -1340701 1
542851 -541765 541766 24868435 -541765 15348829 -11851746 -295388 67540 -5275476 -9384858 -1684165 -284265 -60424 32330 0
545787 -541765 541766 75221122 -541764 10939312 -8590643 -2215779 -6261054 918215 -10087281 -2341153 -947897 -714892 -609288 2
541114 -541765 541766 -14530914 -541765 -6544214 -394119 -8149288 10452140 -12532364 -5576080 -1855636 -534471 -407002 -409988 1
542086 -541765 541766 -1298112 -541765 7800173 -18427575 -7732041 19459617 -14767452 6722162 1259591 -534250 -413555 -339188 3
541162 -541765 541766 -13870680 -541765 -16561514 13919364 -8050389 -293946 -4842470 -9434414 -2632495 -1247847 -1019992 -921125 1
540957 -541765 541766 -15229000 -541765 11164371 -16440851 -4279909 12383128 -13419539 -3522981 -268485 857723 748507 549096 1
541705 -541765 541766 -6960517 -541765 -23640613 24779304 -8175630 -28098071 33738149 -10792821 -3006511 -1627119 -1396442 -1293484 2
541795 -541765 541766 -6898272 -541765 -26134618 28336448 -9136122 -31060234 38766916 -10837858 -3021159 -1642098 -1411515 -1308675 2
541637 -541765 541766 -1342417 -541765 12960996 -12906573 -1651249 3773991 -8303218 -8674691 -2048721 -663055 -450630 -371810 2
542045 -541765 541766 -3161261 -541765 -23368310 24011243 -8585658 -12652214 9446713 -10390539 -2898041 -1516380 -1285309 -1181901 2
541418 -541765 541766 -6972027 -541765 9306910 -11487932 -3480472 3903435 -8401759 -8642627 -2131319 -746703 -533479 -453529 0
540792 -541765 541766 -5426479 -541765 21468755 -11882922 52827487 1954568 -6830848 -9068339 -1931767 -540113 -321934 -236210 0
542238 -541765 541766 7244082 -541765 7913187 -18966825 -3887746 22902391 -15534022 32091709 3370609 110409 89240 181100 3
542290 -541765 541766 3766296 -541765 5847592 -17362904 -6249439 21787176 -15266678 24047810 2538603 91342 56907 -102040 3
542317 -541765 541766 14931678 -541765 9140876 -18684691 -126756 20822947 -15162835 28595292 8897759 3011866 2320138 1655006 3
541976 -541765 541766 1551452 -541765 4947302 -7791089 -4361842 1358746 -6345089 -9175546 -2287692 -899398 -676008 -583253 2
542109 -541765 541766 -1257295 -541765 -19710427 18907185 -7815999 -10859505 7049363 -10309955 -2864041 -1481714 -1250596 -1147152 2
541241 -541765 541766 -8497418 -541765 8969641 -18557258 -1124916 18632596 -14450217 6503734 1625372 -286112 -573961 -470322 3
541133 -541765 541766 -14600300 -541765 -23863793 24712576 -8762467 -11914092 8486733 -10355746 -2965072 -1584895 -1354204 -1251267 1
541839 -541765 541766 12146248 -541765 22515630 -3192268 6435914 -12171529 8713541 -10375914 -2723018 -1337543 -1105582 -1001090 0
540989 -541765 541766 1723735 -541765 41660176 25847104 39240222 -34352736 44185771 881534 -2933887 -1552813 -1321599 -1217956 0
545093 -541765 541766 42642605 -541764 -17167199 16574551 -6755128 -20161009 20621394 -10629027 -2840948 -1457855 -1226180 -1121976 2
541908 -541765 541766 12253810 -541765 23120210 8821729 5087739 -35424169 45746755 -5563026 -2927626 -1546408 -1315150 -1211448 0
541531 -541765 541766 48378157 -541765 39010348 19094811 53504443 -24203793 26979123 -10736669 -2844074 -1460986 -1229219 -1124883 0
540793 -541765 541766 13071825 -541765 22724245 -10509589 89399750 230511 -5387964 -9359069 -1328931 75890 296965 385778 0
542932 -541765 541766 33364318 -541765 19239732 -3390801 2787762 -16520857 14031081 -10460869 -2702253 -1315950 -1083255 -977749 0
543025 -541765 541766 11379888 -541765 4215130 -15927289 -7611479 21136349 -15213281 15063406 2997392 377659 -197482 -429760 3
540671 -541765 541766 -9587840 -541765 24950374 -7612331 97734508 -3269190 -1943410 -9787868 -2325117 -933383 -703375 -601890 0
541561 -541765 541766 -6120114 -541765 -8174991 7121137 -5234742 -15077148 12964596 -10475319 -2827872 -1444609 -1213059 -1109045 0
541657 -541765 541766 38370833 -541765 29417713 -247307 35422316 -11268621 7181203 -10360532 -2549070 -1159739 -926783 -821058 0
540893 -541765 541766 -12226590 -541765 20167061 -12188063 10230625 1554268 -6502002 -9141390 -2063566 -672665 -451792 -362499 1
542903 -541765 541766 14962494 -541765 3936653 -8439007 -5222154 4455193 -8813745 -8498967 -1702813 -317509 -115537 -49924 2
541440 -541765 541766 -11539703 -541765 -25695913 27433536 -9651755 -2782073 -2425449 -9736753 -2860644 -1479024 -1249173 -1147470 1
541611 -541765 541766 -1514019 -541765 8438238 -18944962 -1873267 22394873 -15526659 38065575 7525850 1293414 1018362 793405 3
541796 -541765 541766 -6451121 -541765 -9589465 1556316 -8759002 18580802 -14582558 15330720 81763 -547000 -671444 -600100 3
544907 -541765 541766 32263733 -541764 -19807211 18469860 -8632025 -3624936 -1717569 -9834116 -2641532 -1255416 -1024915 -922508 2
541600 -541765 541766 -587228 -541765 8447660 -19053395 -2016599 22752516 -15647652 43533227 9321344 2413076 890231 207700 3
541430 -541765 541766 -4402820 -541765 8314858 -19056140 -3150316 22971042 -15647784 46215705 15887566 4279877 1588587 1264673 3
542722 -541765 541766 10707325 -541765 8281735 -19040175 -6565520 22872957 -15644394 41918192 7328977 1658061 344575 -182863 3
541964 -541765 541766 1875669 -541765 3066688 -4319891 -3951670 -4172783 -960189 -9871041 -2536507 -1148449 -917986 -815715 0
542565 -541765 541766 19396751 -541765 8709155 -19045877 -1455892 22211241 -15622211 30805415 6289331 1457319 401935 -56683 3
542088 -541765 541766 1173730 -541765 4421726 -15618789 -5950099 19769794 -14610132 13933670 728103 -660478 -483317 -447835 3
541081 -541765 541766 -13366028 -541765 -4711664 4107300 -4621345 -13703373 10972217 -10427601 -2895732 -1513999 -1282880 -1179406 1
540993 -541765 541766 -15642415 -541765 -6023593 770549 -6937740 3543583 -8117500 -8732086 -2696131 -1315446 -1091881 -998345 1
544660 -541765 541766 45031435 -541764 7409296 -17754017 -4656894 19736158 -14639709 18175119 3992288 1188887 861526 209207 3
541478 -541765 541766 -3195019 -541765 14731425 -12911077 -252398 2879473 -7591371 -8882137 -2174595 -787817 -570076 -484558 0
541112 -541765 541766 -15195543 -541765 -23389672 23612060 -9452698 3518399 -8096814 -8738255 -2728551 -1348124 -1124013 -1029756 1
542741 -541765 541766 24003721 -541765 11966041 2106521 436674 -23643492 25562850 -9086539 -2885092 -1502909 -1271370 -1167315 2
542714 -541765 541766 10281163 -541765 1907118 -7630454 -6066045 6398461 -10178189 -7874403 -1514686 -142159 36243 74711 2
540851 -541765 541766 -15863356 -541765 15556865 -13555264 537827 3825675 -8333901 -8664102 -2308347 -924995 -708577 -624426 1
542710 -541765 541766 5479396 -541765 -23223362 23900092 -8404507 -15695655 13693811 -10508334 -2825533 -1442174 -1210537 -1106402 0
541551 -541765 541766 33623373 -541765 25804163 -6520639 35599865 -6331774 1085344 -10078945 -2296201 -902149 -669221 -563762 0
540931 -541765 541766 -15243880 -541765 9604116 -10391351 -2893570 1356535 -6323473 -9176536 -2462894 -1077084 -852422 -757848 1
543900 -541765 541766 24076988 -541764 -18860231 18290567 -7271687 -16528100 14801716 -10543277 -2897187 -1515395 -1284130 -1180451 2
541059 -541765 541766 -7939841 -541765 12164679 -18155266 6867170 16599680 -14518726 23507653 8106648 5674761 3525038 3436517 3
541477 -541765 541766 -1409623 -541765 8576739 -19034545 244771 22468781 -15615468 37276318 7832284 1953007 674083 123490 3
541325 -541765 541766 -8334225 -541765 8832170 -17778778 -3195827 18598524 -14514256 19509291 1870751 810463 510310 22767 3
541409 -541765 541766 -7388646 -541765 8063079 -18881206 -4070981 21911302 -15388695 21129923 2863759 180409 -492826 -517815 3
541777 -541765 541766 -5713924 -541765 -1664852 -8675551 -7899363 18935939 -14723150 16467074 1103438 -133628 -416165 -395619 3
541325 -541765 541766 -4995941 -541765 16707199 -11749857 1666065 251141 -5342965 -9355267 -2287971 -898430 -673064 -577763 0
541154 -541765 541766 -14361451 -541765 -12998799 7844989 -8800145 10188290 -12399575 -5789651 -1991259 -659122 -515503 -503413 1
543691 -541765 541766 24634254 -541764 -13637688 12676859 -6113579 -17354590 16154082 -10560945 -2892333 -1510428 -1279128 -1175404 2
540890 -541765 541766 -10171922 -541765 27950801 -640315 18145026 -12813862 9736457 -10392188 -2689002 -1302789 -1070660 -965963 0
541119 -541765 541766 -15542636 -541765 -27380397 30277667 -10322047 -2412836 -2772868 -9695322 -2973558 -1594053 -1364207 -1262419 1
541680 -541765 541766 -5438340 -541765 8368819 -18892492 -6611847 22090215 -15636281 33286641 4947975 877418 -92935 -449819 3
541374 -541765 541766 -8279377 -541765 7782749 -18486542 -4345942 21452032 -15310792 21828475 712393 -497351 -830749 -732282 3
541048 -541765 541766 -14789084 -541765 -17434978 17054483 -6718746 -23301251 25799771 -10693003 -2962252 -1581876 -1350941 -1247663 1
541355 -541765 541766 -7899241 -541765 8906273 -10330377 -3254705 1927865 -6815926 -9072945 -2394680 -1008660 -785673 -693306 2
543228 -541765 541766 6052771 -541765 -27884513 31174125 -10776115 -35433765 45756521 -10938997 -2993230 -1613519 -1382726 -1279616 0
541587 -541765 541766 7009848 -541765 8644042 -19049738 3664788 22291511 -15600545 28967271 5842985 1339364 373311 -29228 3
541010 -541765 541766 -14105434 -541765 5401022 -6376825 -3580806 -2682546 -2500368 -9724304 -2731801 -1347885 -1118220 -1016869 1
541289 -541765 541766 -12283397 -541765 -11865882 6977448 -8142887 6275885 -10093242 -7923030 -2234633 -859484 -656981 -588903 1
541699 -541765 541766 -7381767 -541765 -24613641 26122673 -8497945 -28912748 35114762 -10807463 -2998312 -1618730 -1387993 -1284958 2
541690 -541765 541766 -5602756 -541765 -4482380 -804104 -6689106 3535138 -8114698 -8733325 -2035041 -648587 -435370 -355621 2
541348 -541765 541766 -11975835 -541765 -17149157 14103501 -8771950 6099938 -9979266 -7983402 -2291526 -915379 -709870 -638256 1
540779 -541765 541766 -15182217 -541765 15023838 -17155158 12009797 12069704 -13285891 -3925952 874330 1933962 1713905 1405561 1
541837 -541765 541766 -2658888 -541765 5850740 -16856650 -6014234 20913250 -15081527 25382090 1503033 233074 47238 -358437 3
541607 -541765 541766 13974890 -541765 29464646 4371509 14705305 -18629893 18236508 -10588244 -2802251 -1418318 -1186450 -1082012 0
540869 -541765 541766 6188472 -541765 43265001 27884686 78683399 -32537851 41199228 -10867211 -2887957 -1505840 -1274321 -1170291 0
541236 -541765 541766 -11356336 -541765 -613144 -3339440 -5471232 372429 -5465839 -9337106 -2693516 -1310158 -1082536 -983917 1
541091 -541765 541766 -15533263 -541765 -25773200 27563115 -9662808 -3186726 -1988364 -9776579 -2937198 -1556940 -1326976 -1225058 1
540729 -541765 541766 2264332 -541765 27120707 -4438903 107667114 -6682935 1839197 -10070842 -2328363 -935377 -703216 -598788 0
541164 -541765 541766 -7181471 -541765 9168999 -19045664 -982640 21597105 -15625926 27175982 11262444 2200226 2030142 2029296 3
541824 -541765 541766 -7698015 -541765 -6667285 -3533794 -10126614 23210976 -15594593 38064064 1005763 -577819 -501418 -396548 3
540859 -541765 541766 -14949621 -541765 15493168 -16398316 3390053 9881156 -12241329 -6023883 -681010 609474 663405 578650 1
541671 -541765 541766 -8482970 -541765 -24349649 25296033 -9231064 -4220462 -890362 -9873795 -2900172 -1519097 -1288928 -1186764 2
541731 -541765 541766 -1840562 -541765 8321906 -19027688 -4376250 22720006 -15629212 37878113 5144010 983705 21246 -423275 3
541663 -541765 541766 18181065 -541765 8939117 -18981297 10706934 21695540 -15484265 25179110 12826358 3860657 2021344 1239695 3
543033 -541765 541766 5739791 -541765 -3550757 -7155910 -10056289 21312170 -15548324 18177010 2210373 -283195 -180821 -127833 3
541250 -541765 541766 -12534724 -541765 -8838797 3282285 -7748484 6247031 -10078132 -7930027 -2375811 -1000130 -792878 -718967 1
541064 -541765 541766 -15831140 -541765 -26702253 29169486 -9619844 -19061021 18977801 -10594747 -2996552 -1616977 -1386305 -1283365 1
540844 -541765 541766 -12371279 -541765 16393903 -16286487 14615436 9770940 -12182724 -6108221 -40768 1231461 1243907 1113729 1
542568 -541764 541766 17565590 -541765 8878948 -19057469 -4877877 22035962 -15637039 61415796 7351062 1562486 169230 125403 3
541020 -541765 541766 -14937029 -541765 444271 -5929612 -6110877 5142944 -9310026 -8302349 -2372052 -992603 -780114 -700395 1
541713 -541765 541766 -6431583 -541765 -20459946 20103891 -7774997 -14437441 11930814 -10460812 -2903087 -1521486 -1290358 -1186864 0
541105 -541765 541766 -14588710 -541765 -13166207 9001673 -8009631 3916768 -8407361 -8640479 -2590930 -1209885 -988806 -898473 1
541307 -541765 541766 -13471499 -541765 -27509466 30511352 -10250711 -12740906 9625487 -10389980 -2996287 -1616773 -1386213 -1283429 1
543630 -541765 541766 26219228 -541764 -4960601 2807147 -5259974 -7722353 2926756 -10151189 -2688591 -1302722 -1071179 -967299 2
541056 -541765 541766 -14381245 -541765 5269201 -11702914 -6085062 9845872 -12222417 -6052102 -1673885 -347189 -220353 -227942 1
543134 -541765 541766 9428921 -541765 -2529288 -8341275 -8994609 21170350 -15500925 20195059 2514962 -104844 -307752 -246967 3
541069 -541765 541766 -12459314 -541765 11816920 -12085905 -2178811 2902512 -7611306 -8876997 -2210399 -824027 -605867 -519776 1
541059 -541765 541766 -12329123 -541765 12957365 -12176462 -1456958 2375309 -7188596 -8985983 -2323718 -937523 -716341 -626331 1
541270 -541765 541766 -8279377 -541765 12111663 -10428026 -1504472 -440185 -4712490 -9454997 -2606190 -1221021 -993121 -894220 0
541096 -541765 541766 -6643602 -541765 22630674 -7243406 8987207 -6060261 1106658 -10027214 -2538992 -1150427 -919055 -815539 0
540939 -541765 541766 56537079 -541765 34411894 8307095 136856376 -16634380 14518895 -10578730 -2711259 -1325228 -1092704 -987431 0
541447 -541765 541766 -7770712 -541765 7820539 -18411208 -5183031 21086140 -15385776 17342638 761512 -427922 -754492 -926798 3
543300 -541765 541766 12914466 -541765 -22340336 22486758 -8407003 -10546933 6497985 -10305566 -2833308 -1450302 -1219011 -1115355 2
540889 -541765 541766 -15959693 -541765 1378538 2695675 -2710679 -20705119 21556500 -10637336 -2799561 -1415535 -1183596 -1079062 1
541304 -541765 541766 -9573454 -541765 9068709 -19049901 -6347515 21740572 -15634121 28503725 7066770 997126 935026 797067 3
540867 -541765 541766 -11052928 -541765 17241960 -15670569 16572905 8369074 -11405268 -6983794 -1169150 173765 303568 290875 1
543660 -541765 541766 55999583 -541764 21686285 -3691102 4662264 -14846687 11692613 -10542942 -2619192 -1231075 -997950 -891918 0
541504 -541765 541766 -5040284 -541765 8154530 -18583256 -3141784 21220764 -15228055 21014306 1915270 -169302 -456489 -397399 3
541182 -541765 541766 -6558668 -541765 18525060 -12370092 4570009 1448553 -6418401 -9159913 -2341278 -953856 -730252 -637166 0
540768 -541765 541766 -12809107 -541765 15237586 -17084139 23969159 11943088 -13231159 -4074462 2448224 3400999 3017593 2554471 1
542062 -541765 541766 19805936 -541765 23196293 -3817252 7581550 -11231793 7521676 -10328935 -2653817 -1266930 -1034775 -930075 2
544036 -541764 541766 43819945 -541764 8532541 -19040566 -2827661 22458513 -15626656 34535531 10671583 2973463 1346017 656729 3
541611 -541765 541766 -5745173 -541765 -9674924 8119887 -5656144 -13454319 10633569 -10417194 -2895925 -1514205 -1283101 -1179649 2
541763 -541765 541766 -6216504 -541765 -20739528 20153709 -8170283 -8484066 3997126 -10186242 -2925594 -1544685 -1314006 -1211120 2
541889 -541765 541766 -4428653 -541765 -18515959 16864242 -8038559 -4098232 -1063284 -9866145 -2585193 -1198061 -967624 -865349 2
542127 -541765 541766 -1827161 -541765 -19461186 18012623 -8365201 -2077046 -3176724 -9662419 -2670312 -1285389 -1055957 -954971 0
543064 -541765 541766 4977214 -541765 -27809884 31041222 -10512272 -35488603 45835451 -10929593 -3022610 -1643574 -1412988 -1310142 2
-513589241 788648944 -519552214 -21056848 167230481 17212763 -16232724 -10762334 8867504 -12204896 -7952412 203441278 209565323 211259317 213224671 1
541196 -541765 541766 12855177 -541765 27250926 -3756875 36027250 -8030840 3466572 -10157109 -2479779 -1089618 -857441 -752863 0
541499 -541765 541766 -10464147 -541765 -18343678 15617621 -9177525 8644714 -11566111 -6826104 -2140445 -782896 -605917 -563834 1
541302 -541765 541766 -2755398 -541765 8857948 -18893217 4574748 21295281 -15259326 20616505 2708552 140931 -475456 -379862 3
541242 -541765 541766 -6530980 -541765 8529354 -19025298 739623 22461638 -15590717 34092807 4892562 919838 13400 -389850 3
545998 -541765 541766 34598881 -541764 -27887632 31179771 -10798720 -35353699 45651988 -2958953 -3004854 -1625411 -1394701 -1291697 2
541424 -541765 541766 -9145412 -541765 -15783810 15303605 -6360367 -22920504 25164380 -10685785 -2891133 -1509149 -1277754 -1173898 2
542426 -541765 541766 8573960 -541765 8183954 -18438825 -4714193 20651824 -15359448 14554103 3630653 128946 103497 119864 3
541256 -541765 541766 -11586036 -541765 -10534760 7857521 -6334338 -7470289 2804947 -10120682 -2792965 -1409386 -1178397 -1075196 1
540800 -541765 541766 -6783086 -541765 25736228 -6348070 49218034 -4808833 -315491 -9929993 -2456864 -1066985 -835980 -733033 0
541252 -541765 541766 -7482537 -541765 14063201 -6590461 360781 -7949147 3305226 -10157078 -2771636 -1387531 -1156334 -1052863 0
541528 -541765 541766 -8186065 -541765 -15840163 14226198 -6981058 -11524317 7917399 -10341852 -2914269 -1532997 -1302067 -1198842 2
541432 -541765 541766 1412750 -541765 26610533 11333153 6778842 -32387952 40937870 -10871180 -2937360 -1556373 -1325195 -1221598 0
541217 -541765 541766 -5449426 -541765 7932251 -19039520 664648 23551452 -15621385 51313613 10833690 2906269 2191979 1404634 3
541830 -541765 541766 -6212570 -541765 7710881 -18880344 -9090047 23140983 -15638120 44396171 4564441 497805 36843 38272 3
542008 -541765 541766 38215576 -541765 29810723 784493 21816959 -16349702 13631271 -8905509 -2797365 -1413192 -1181076 -1076293 0
541062 -541765 541766 -4043841 -541765 26846899 -2506392 16945231 -10307120 6245932 -10289267 -2677582 -1291260 -1059304 -954861 0
541680 -541765 541766 3236521 -541765 15113957 -16397584 1765366 9927518 -12267286 -5980364 400819 1650748 1624060 1454308 0
541850 -541765 541766 -3348812 -541765 -16008253 14937015 -6704358 -16843894 15565019 -10533144 -2928389 -1547314 -1316271 -1212874 2
541441 -541765 541766 -4857166 -541765 8418406 -19016304 -2072664 22455906 -15581913 31448822 3676646 515114 -223199 -557359 3
541444 -541765 541766 -3511666 -541765 9314259 -18654763 -64084 19420190 -14882191 10161798 2019982 -37440 -572506 -506771 3
542170 -541765 541766 21154261 -541765 23060510 -1129953 6498288 -14830729 12413899 -10480456 -2463779 -1072423 -838754 -732107 0
540882 -541765 541766 -11853732 -541765 13699656 -17841274 10581929 14313263 -14154130 -101752 4620656 4768320 3772372 2958113 1
543176 -541765 541766 26599012 -541765 8369228 -18838178 -2522813 21169155 -15235483 15905671 4014687 729007 19866 -268161 3
541363 -541765 541766 -7093799 -541765 9222177 -8041846 -2312439 -3030006 -2162542 -9761712 -2605000 -1218626 -988821 -887385 2
541278 -541765 541766 -7375566 -541765 14465885 -12246485 -375360 1791484 -6703993 -9098216 -2275244 -887496 -665322 -574129 2
541013 -541765 541766 -16819328 -541765 -27864947 31138935 -10677684 -35463045 45798799 -10941523 -3022628 -1643593 -1413007 -1310161 1
541722 -541765 541766 -7064894 -541765 -22784693 23147133 -8471227 -12059152 8690861 -10361466 -2844765 -1461976 -1230689 -1127028 2
541108 -541765 541766 -14113783 -541765 -11750771 8237878 -7099527 -2089828 -3117483 -9660965 -2811017 -1428658 -1199113 -1097861 1
541351 -541765 541766 -9972158 -541765 -15920762 16498031 -6022093 -34568200 44451419 -10906485 -2953797 -1573184 -1342118 -1238662 0
540668 -541765 541766 -15923153 -541765 19046234 -14306250 48723685 5883554 -9830468 -8060807 -1506714 -129867 54338 99081 1
540911 -541765 541766 1112872 -541765 35131012 10775770 51018083 -19520182 19519110 -10619100 -2775907 -1391350 -1159264 -1054546 0
541922 -541765 541766 -3398542 -541765 -10167897 5378639 -7556680 3633918 -8194812 -8708939 -2418855 -1035892 -816881 -729386 2
541172 -541765 541766 -14033183 -541765 -22202485 22130027 -8599948 -6730494 1930775 -10071158 -2836938 -1454336 -1223602 -1120715 1
542315 -541765 541766 -519319 -541765 5492077 -17319011 -9076778 22962070 -15644947 44334333 6981041 1456076 128690 48601 3
542680 -541764 541766 17828024 -541765 8090352 -19048022 -3651079 23306111 -15639879 49770839 9853035 1709566 1662851 1442414 3
540968 -541765 541766 -11140827 -541765 25955512 8163954 7061082 -28795937 34969948 -10798482 -2765155 -1380253 -1147927 -1042880 0
541605 -541765 541766 -9633811 -541765 -27016997 29719887 -9627186 -34768839 44760369 -10911988 -2995311 -1615651 -1384875 -1281789 0
541320 -541765 541766 4653442 -541765 8744748 -18811921 12644925 21269063 -15043665 20832062 3219657 615482 376454 -178499 3
542755 -541765 541766 9702134 -541765 6839022 -17721072 -6702698 21176441 -15494323 19879513 7050444 1258405 555128 604923 3
542030 -541765 541766 742400 -541765 8950666 -19051603 -6952458 21925993 -15642745 31559686 8480622 1689923 702508 675557 3
540797 -541765 541766 757517 -541765 38653628 17823026 85783758 -23581766 26062346 -10714492 -2792793 -1408554 -1176471 -1071738 0
540963 -541765 541766 -14064398 -541765 13137487 -17499091 -1298427 13375174 -13816325 -1994515 1694740 2491601 2047989 1600946 1
541708 -541765 541766 1708542 -541765 8748399 -18902588 -524138 21163325 -15310438 17578448 2309798 175676 -287978 -471794 3
541224 -541765 541766 -14194324 -541765 -25768177 27492439 -9954264 4039747 -8497632 -8610173 -2815657 -1436432 -1211620 -1116341 1
541823 -541765 541766 -1269341 -541765 8536419 -12985912 -4622751 7896221 -11128104 -7222370 -1260456 92240 237028 239461 0
542538 -541765 541766 5933747 -541765 -19682016 20088858 -6983136 -30645471 38041271 -10837170 -2876555 -1494182 -1262594 -1158477 0
541003 -541765 541766 -12038986 -541765 14171172 -17292852 1752696 12442087 -13444572 -3437490 710020 1743317 1512488 1206915 1
541203 -541765 541766 -7160219 -541765 17847851 -1032989 2737251 -17215731 15997082 -10553250 -2834532 -1451342 -1219705 -1115562 0
544659 -541765 541766 27330933 -541764 -26166874 28406170 -9111200 -35451824 45783911 -7598392 -3019555 -1640449 -1409841 -1306968 2
540975 -541765 541766 -11912443 -541765 18218368 -12677063 4200280 1957619 -6843370 -9067176 -2333062 -946301 -723968 -632504 1
540957 -541765 541766 -15852394 -541765 -15543575 15851196 -6020384 -30594600 37985168 -10830650 -2932999 -1551921 -1320730 -1217118 1
542322 -541765 541766 3733625 -541765 -15606750 14754359 -6491111 -18977452 18802436 -10595746 -2945279 -1564552 -1333561 -1230221 2
542203 -541765 541766 -2893625 -541765 -27096765 29845759 -9694949 -32993861 41946574 -10874274 -2974945 -1594821 -1363908 -1260649 0
542129 -541765 541766 4915951 -541765 -897746 1690718 -3767254 -13142942 9889019 -10427159 -2853720 -1471035 -1239642 -1135824 2
542113 -541765 541766 -5070627 -541765 -27800871 31025364 -10491350 -35449637 45779471 -10940267 -2989503 -1609706 -1378886 -1275743 2
541832 -541765 541766 -7285511 -541765 -26734092 29187511 -9837930 -9129711 4833802 -10220373 -2975646 -1595770 -1365250 -1262542 2
541563 -541765 541766 16992824 -541765 9368835 -18989725 12235415 20959389 -15459757 16104356 5018898 387938 601512 521774 3
541974 -541765 541766 -1742604 -541765 -13085345 10532512 -6825521 -6946695 2136668 -10089910 -2830545 -1447770 -1216948 -1113946 2
542465 -541765 541766 20391001 -541765 8527305 -18754004 1223912 20386087 -14714009 14768073 2948564 -13224 27079 136059 3
542555 -541765 541766 923941 -541765 -26571919 28913031 -9798264 -7893958 3188287 -10157599 -2923732 -1542793 -1312124 -1209253 2
542238 -541765 541766 4544966 -541765 8101694 -18922161 -5479973 22630349 -15619001 36685683 4475476 776707 -77894 -465962 3
545991 -541765 541766 33876510 -541764 -27888700 31181510 -10924510 -35484157 45829842 -7777554 -3010509 -1631196 -1400524 -1297569 2
541020 -541765 541766 -15895640 -541765 -23586521 24403686 -8525755 -16136451 14502492 -10511581 -2915827 -1534484 -1303387 -1199925 1
541972 -541765 541766 25030106 -541765 8681879 -18880099 10001050 21938743 -15321526 28424111 7715185 2139201 1678225 837903 3
545167 -541765 541766 42855602 -541764 -9573721 6094093 -6952507 -5659933 399080 -10019620 -2544898 -1156261 -924590 -820656 2
541082 -541765 541766 -15146356 -541765 -16663159 13535826 -8585069 4900779 -9137884 -8373761 -2667593 -1288620 -1068408 -978903 1
541883 -541765 541766 2342917 -541765 8020615 -19042954 -3829134 23382436 -15631998 49894116 7288844 1126106 1048343 1087257 3
541972 -541765 541766 2580456 -541765 4805991 -5384919 -3516228 -3893617 -1306670 -9849275 -2610700 -1224085 -993714 -891508 2
542453 -541765 541766 13035792 -541765 869197 6677672 -2307211 -30021543 36891489 -9457136 -2939042 -1558091 -1326922 -1223334 2
542148 -541765 541766 1781729 -541765 -11402565 9503710 -6111731 -11189887 7358091 -10335023 -2909060 -1527668 -1296702 -1193430 2
541092 -541765 541766 -13153830 -541765 7819011 -11988604 -4596503 6648124 -10341936 -7778765 -2146036 -773082 -576122 -514439 1
543214 -541765 541766 19114179 -541765 -354436 -3729248 -5502493 871252 -5908087 -9258206 -2085434 -693670 -470798 -378924 2
540725 -541765 541766 -3481175 -541765 21770830 -11580401 78936952 1636806 -6573056 -9126504 -1995781 -604144 -384116 -295976 0
540896 -541765 541766 -13423086 -541765 17099188 -15129358 5606415 6882996 -10492012 -7686875 -1840965 -471310 -287534 -241515 1
541523 -541765 541766 -2123103 -541765 10951969 170076 -20269 -18892389 18449575 -10608515 -2874809 -1492481 -1261023 -1157093 0
541736 -541765 541766 -4155520 -541765 7517130 -18661541 -6106898 21873249 -15337581 19471000 1776097 -191228 -718825 -642263 3
542918 -541765 541766 9283731 -541765 -12896589 8793053 -7873187 3093267 -7784102 -8831817 -2297517 -912229 -693197 -605893 0
540925 -541765 541766 -14050563 -541765 16379078 -10975346 1338392 -1110217 -4065957 -9543004 -2510690 -1123582 -895441 -796304 1
541264 -541765 541766 -1271336 -541765 25352545 -1069684 9693981 -14385655 11935520 -10453303 -2793211 -1409201 -1177490 -1073281 0
541024 -541765 541766 -14090900 -541765 -4973610 6224999 -4126182 -21420128 22715502 -10653282 -2930314 -1549229 -1318109 -1214601 1
541602 -541765 541766 -1402313 -541765 13495506 -11864256 -1009793 1469928 -6420253 -9156695 -2327074 -939593 -716314 -623658 2
541556 -541765 541766 -5860486 -541765 3493367 -7132919 -4868842 2084775 -6952130 -9042727 -2435355 -1050020 -826906 -734328 0
541281 -541765 541766 -5236032 -541765 8405101 -18895819 1736046 22526091 -15423301 41842034 6993275 2971630 1606267 332677 3
541767 -541765 541766 -7460777 -541765 -26572292 29022820 -9334732 -34910336 44976204 -10916816 -2960102 -1579633 -1348608 -1245205 2
540974 -541765 541766 -17046350 -541765 -27589612 30660778 -10155273 -34342443 44100769 -10900478 -3007663 -1628287 -1397601 -1294628 1
543405 -541765 541766 11335812 -541765 -26764742 29310147 -9488055 -30810453 38346123 -10834364 -2972286 -1592107 -1361186 -1257917 2
542011 -541765 541766 -3713358 -541765 -16479193 13167336 -8679959 6003684 -9910918 -8020046 -2274260 -897789 -692316 -620820 2
542087 -541765 541766 18423174 -541765 21260068 -7066605 6125321 -6748353 1852085 -10080478 -2489859 -1100089 -868248 -764126 2
545351 -541765 541766 43206338 -541764 -19125921 18649782 -7439134 -23278314 24868064 -7901101 -2983193 -1603255 -1372397 -1269205 2
541167 -541765 541766 -2651513 -541765 8689911 -18965487 9164969 21681007 -15343619 21220354 4438013 677717 -233376 -177612 3
541399 -541765 541766 16724646 -541765 29324317 450640 27122634 -12070588 8550528 -10373465 -2546361 -1157031 -924163 -818563 0
542378 -541765 541766 31311619 -541765 22961772 -6565028 9055765 -6753690 1843438 -10082024 -2354828 -962269 -729994 -625387 0
541711 -541765 541766 -6658768 -541765 -23193252 24276248 -7962691 -32952746 41882190 -10872431 -2935361 -1554330 -1323142 -1219533 0
542649 -541765 541766 14923545 -541765 519248 1775209 -3198782 -15532406 13373579 -10508419 -2640696 -1253215 -1020479 -914975 0
542502 -541765 541766 16331970 -541765 8941008 -1423606 -1004975 -15801021 13454936 -10539063 -2651696 -1264382 -1031581 -925976 2
541551 -541765 541766 -9228803 -541765 6572484 -17745512 -8558533 21825500 -15623534 28002381 2008380 -215375 -530607 -482043 3
541845 -541765 541766 -3121408 -541765 8139416 -18958910 -6751301 22728401 -15642689 40337079 4477284 802678 -34696 -410248 3
540996 -541765 541766 -10352029 -541765 25850972 7600065 7107734 -28044064 33709085 -10784565 -2799416 -1415303 -1183223 -1078488 0
541027 -541765 541766 -14379567 -541765 4774157 -8994700 -4995214 4337439 -8721304 -8532419 -2184820 -802013 -589949 -511253 1
544146 -541765 541766 33946823 -541764 -11180327 11101489 -5358103 -21174113 22079165 -10664687 -2929296 -1548174 -1317026 -1213478 2
541291 -541765 541766 -13590318 -541765 -27252951 30061402 -10167737 -6535627 1719162 -10056220 -2972595 -1592766 -1362421 -1259955 1
541866 -541765 541766 -6117648 -541765 -26264503 28539564 -9189919 -30933359 38530068 -10840932 -3022752 -1643726 -1413152 -1310323 2
543692 -541765 541766 27430794 -541764 -10900142 11333236 -5175754 -24167483 26668384 -10755676 -2952845 -1572224 -1341174 -1237742 2
541413 -541765 541766 -7430369 -541765 8053336 -10855027 -3945503 3942457 -8428555 -8633591 -2256131 -872609 -657436 -574887 0
541274 -541765 541766 -12008046 -541765 -2286589 -4812770 -7416801 9483646 -12030015 -6308274 -1621176 -288942 -157748 -162839 1
541270 -541765 541766 -9269335 -541765 3621070 -2172923 -3031237 -10434444 6537961 -10285820 -2836085 -1453191 -1222001 -1118483 2
541283 -541765 541766 -13331202 -541765 -26882879 29481478 -9632212 -25267332 29051944 -10733002 -2985055 -1605186 -1374385 -1271272 1
541732 -541765 541766 -7866292 -541765 -24358511 25271933 -9333356 -2056404 -3159185 -9657736 -2839352 -1457494 -1227903 -1126566 2
542391 -541765 541766 9761335 -541765 5630162 -6628716 -3565874 -2142750 -3108458 -9669710 -2147275 -752961 -524164 -424453 2
541737 -541765 541766 -4327526 -541765 -10339538 8009172 -6120493 -9095139 4745148 -10222049 -2788575 -1404736 -1173453 -1069849 0
